185486
93354
66251
90510
218908
150642
16193
62786
87248
178891
172814
207783
2456
216048
131321
118761
40393
216500
82784
134060
184665
194322
137669
196474
199170
18497
130685
183528
116715
147765
215661
166478
87310
195996
85209
43316
136593
28365
166746
212588
209490
210168
167665
209255
48096
59601
79322
86911
199879
143629
171106
97814
160983
47249
115155
116755
177956
125589
182248
154786
205156
192212
91919
165632
48399
125191
35477
167956
53762
108722
22998
94560
16166
32715
189428
209332
219175
169613
42850
124965
168281
106109
127600
88500
112820
40101
30921
19306
25900
98533
93558
125800
165669
170209
127400
157380
78159
65276
102375
173770
