193585
197580
119170
196151
164495
168011
186416
61444
201910
121661
169260
136611
77247
120658
107398
200239
57238
165826
121986
8865
145695
26034
151312
179504
106149
5503
129848
191021
112812
154910
15439
64272
60002
184724
151531
140308
38839
215568
24370
196007
132682
32426
121486
38248
76208
71049
74518
63043
18517
98905
116851
131081
38968
185435
29152
128197
134660
109399
190773
72661
216432
72151
195050
60197
189811
176110
101584
24448
92184
47124
122979
12851
184905
210201
134303
215375
180863
164471
125670
215524
72038
215114
118800
21686
150555
72856
119191
79870
105380
46193
17648
53783
23938
179846
207499
58424
180396
126107
88232
92381
