187588
40531
56501
3194
174226
97362
20786
34701
144470
213930
56884
184765
59156
136853
149
81959
48159
212959
78300
175009
5569
173153
22843
130515
17046
195007
58315
191913
1971
101779
20070
152152
58747
124001
143265
14982
50016
127489
155278
170674
170255
108703
118986
105210
7489
208356
25421
199792
27232
210389
129225
100303
167732
185125
49009
70180
14559
82190
101865
194186
66146
120942
188022
71735
196538
106095
212723
98207
119513
145721
93590
40345
65612
150646
105207
36318
88832
108160
165792
70821
123711
8453
99769
154661
121352
76258
38063
192968
177020
76153
126236
197322
220031
200704
23720
5518
96284
150752
120698
6705
