33836
179107
156778
122012
28325
106601
160005
78377
37892
97843
24977
217657
58387
184084
112232
108609
253
136345
158227
54945
194037
168834
118236
103599
121437
171284
102611
169947
44649
26239
75477
58173
49892
37431
197135
136304
109424
186485
170591
181607
45942
15660
110402
113370
48081
101271
122896
25386
126642
56801
89463
205935
64978
105936
37681
5715
140458
88367
47070
179708
12322
197026
116741
41756
98488
173461
45449
186431
201109
79144
15487
203556
133506
57570
113695
157648
144355
66780
19505
182720
188693
85889
22317
64280
52520
60946
110249
22715
117228
150884
137847
141269
185948
100428
126015
193004
105549
213886
117999
114979
