214882
114846
91779
121076
141832
122098
215623
81290
133744
95197
7914
33573
53612
213512
113223
6411
33028
216302
157255
181155
189752
140266
122946
57392
83449
150911
92042
30937
197415
2747
165474
24485
155164
75768
209257
146943
36423
108983
115105
88575
7805
77520
175115
106485
14584
6071
194168
70222
197724
65303
85176
109618
139722
212637
153735
136278
73912
39714
62894
194178
6782
98330
144128
99407
28739
14411
24357
194828
34547
57188
210713
14913
118947
44285
46819
44903
43020
135004
146907
134151
160566
19606
84041
137137
212955
13375
179480
83669
19088
215878
124267
153133
78320
62101
29145
125656
109384
18681
121768
166574
