179219
166678
185879
176810
152072
203200
169989
137671
97752
173561
137897
23924
126745
220001
3583
152368
25177
213096
197789
45537
148927
209329
219106
152828
35378
93267
157398
54781
153321
92601
64494
92039
209362
192864
16244
84698
86580
165171
87694
160835
129625
128678
94555
141622
179043
70695
150157
61107
73370
109170
187087
111867
115449
112099
189815
100162
116582
4101
108993
176516
111282
98585
24197
67301
167014
142602
210025
69295
15414
90773
109107
57887
29755
51909
164505
193120
156223
215323
18698
14760
33322
22965
84607
43644
70828
164522
86286
201116
96200
202482
218218
218610
78013
73521
22487
69185
175008
220328
171055
84824
