100162
100303
100428
101271
101584
101779
101865
102375
102611
103599
105207
105210
105380
105549
105936
106095
106109
106149
106485
106601
107398
108160
108609
108703
108722
108983
108993
109107
109170
109384
109399
109424
109618
110249
110402
111282
111867
112099
112232
112812
112820
113223
113370
113695
114846
114979
115105
115155
115449
116582
116715
116741
116755
116851
117228
117999
118236
118761
118800
118947
118986
119170
119191
119513
120658
120698
120942
121076
121352
121437
121486
121661
121768
121986
122012
122098
122896
122946
122979
12322
123711
124001
124267
124965
125191
125589
125656
125670
125800
126015
126107
126236
126642
126745
127400
127489
127600
128197
12851
128678
129225
129625
129848
130515
130685
131081
131321
132682
133506
133744
13375
134060
134151
134303
134660
135004
136278
136304
136345
136593
136611
136853
137137
137669
137671
137847
137897
139722
140266
140308
140458
141269
141622
141832
142602
143265
143629
14411
144128
144355
144470
14559
145695
145721
14584
146907
146943
14760
147765
148927
149
14913
14982
150157
150555
150642
150646
150752
150884
150911
151312
151531
152072
152152
152368
152828
153133
153321
153735
15414
15439
154661
154786
15487
154910
155164
155278
156223
15660
156778
157255
157380
157398
157648
158227
160005
160566
160835
160983
16166
16193
16244
164471
164495
164505
164522
165171
165474
165632
165669
165792
165826
166478
166574
166678
166746
167014
167665
167732
167956
168011
168281
168834
169260
169613
169947
169989
170209
170255
17046
170591
170674
171055
171106
171284
172814
173153
173461
173561
173770
174226
175008
175009
175115
176110
17648
176516
176810
177020
177956
178891
179043
179107
179219
179480
179504
179708
179846
180396
180863
181155
181607
182248
182720
183528
184084
184665
184724
184765
184905
18497
185125
18517
185435
185486
185879
185948
186416
186431
186485
18681
18698
187087
187588
188022
188693
189428
189752
189811
189815
190773
19088
191021
191913
192212
192864
192968
193004
19306
193120
193585
194037
194168
194178
194186
194322
194828
195007
19505
195050
195996
196007
19606
196151
196474
196538
197026
1971
197135
197322
197415
197580
197724
197789
199170
199792
199879
200239
20070
200704
201109
201116
201910
202482
203200
203556
205156
205935
207499
207783
20786
208356
209255
209257
209329
209332
209362
209490
210025
210168
210201
210389
210713
212588
212637
212723
212955
212959
213096
213512
213886
213930
214882
215114
215323
215375
215524
215568
215623
215661
215878
216048
216302
216432
216500
21686
217657
218218
218610
218908
219106
219175
220001
220031
220328
22317
22487
22715
22843
22965
22998
23720
23924
23938
24197
24357
24370
24448
24485
2456
24977
25177
253
25386
25421
25900
26034
26239
27232
2747
28325
28365
28739
29145
29152
29755
30921
30937
3194
32426
32715
33028
33322
33573
33836
34547
34701
35378
35477
3583
36318
36423
37431
37681
37892
38063
38248
38839
38968
39714
40101
40345
40393
40531
4101
41756
42850
43020
43316
43644
44285
44649
44903
45449
45537
45942
46193
46819
47070
47124
47249
48081
48096
48159
48399
49009
49892
50016
51909
52520
53612
53762
53783
54781
54945
5503
5518
5569
56501
56801
56884
5715
57188
57238
57392
57570
57887
58173
58315
58387
58424
58747
59156
59601
60002
60197
6071
60946
61107
61444
62101
62786
62894
63043
6411
64272
64280
64494
64978
65276
65303
65612
66146
66251
66780
6705
67301
6782
69185
69295
70180
70222
70695
70821
70828
71049
71735
72038
72151
72661
72856
73370
73521
73912
74518
7489
75477
75768
76153
76208
76258
77247
77520
78013
7805
78159
78300
78320
78377
7914
79144
79322
79870
81290
81959
82190
82784
83449
83669
84041
8453
84607
84698
84824
85176
85209
85889
86286
86580
86911
87248
87310
87694
88232
88367
88500
88575
8865
88832
89463
90510
90773
91779
91919
92039
92042
92184
92381
92601
93267
93354
93558
93590
94555
94560
95197
96200
96284
97362
97752
97814
97843
98207
98330
98488
98533
98585
98905
99407
99769
